28785
21226
6774
26567
8466
4738
23288
12859
16242
4835
25099
12524
726
31215
4451
19748
8783
23933
13310
15125
4130
8341
18266
4492
26523
11995
21830
2291
29561
19308
19220
30310
23164
20474
5832
5478
20721
14708
8599
23850
10284
1379
22077
32335
8892
7053
20552
20796
21214
13581
23730
25088
17613
30496
32570
22894
6932
10522
2047
14358
28831
4173
1547
2093
18200
25895
5906
17482
31081
23839
1455
1077
4895
32346
29513
4057
27256
13202
22745
21584
20197
28457
24789
24013
24507
23194
14691
8450
5407
19078
6519
30518
30425
9792
24950
14277
16627
12857
18331
6166
12821
24188
9335
4020
17593
20992
4786
15862
31945
3388
15391
7265
20104
12116
24910
17404
22528
25156
26463
31962
8561
27292
8568
31253
28754
31304
17171
4912
30527
18059
11843
25149
5519
3667
20290
17673
22555
19960
12018
7132
1989
25137
15122
31937
2621
26197
20648
7072
72
16333
14861
20172
19133
29077
3132
31524
29867
29550
20271
28877
1810
2438
3004
28709
20825
13976
24922
11867
10239
235
8091
247
1226
27408
20490
26402
30369
6129
18652
22446
2589
18794
26358
14724
14469
23969
10458
15889
14827
17625
7672
207
2582
3055
32686
31898
2481
32662
27254
8617
20119
12157
4058
3939
27650
28562
5674
23838
27545
26802
4413
22874
6883
16865
16661
10752
3298
28577
22333
15965
24743
11669
11652
22055
8230
12500
20114
16643
27917
12861
19648
22708
16158
17343
9514
282
619
30406
30144
13674
21202
533
29701
18284
25503
29767
3578
9926
2730
25432
20103
30113
8802
28315
8390
19434
8525
5015
29885
17499
11474
5741
6285
6862
29983
104
17648
4404
17546
20020
4343
20895
9258
16442
13731
32211
26612
9909
26428
11354
28621
11861
25922
9008
3799
11053
25873
22067
3643
31499
15
21463
26896
1424
14433
29958
18792
6757
31169
1121
11822
29293
18334
7244
30092
12637
20068
30986
26813
6333
118
26546
1195
31669
20618
26564
5843
28127
1454
6654
5269
8088
2992
6365
28559
13670
67
2650
15892
11401
13464
23401
22403
1505
23529
6068
32743
26256
20349
8742
26970
11859
19517
24288
9285
32119
78
5035
18518
19847
14866
20919
1780
7854
23007
12053
29448
1641
21646
23728
26566
9301
25494
30411
11419
31184
19131
22798
20856
17073
2413
13144
19295
30165
18698
21063
18889
21074
10831
31937
19874
16575
6951
11482
22704
4724
24797
18048
5404
23882
29250
32449
16099
10487
21868
3865
23240
13171
13574
15482
15353
29621
22060
26796
21398
28748
3763
24453
5944
6612
14769
9880
2073
10915
16749
18819
4299
22907
2178
16409
4647
13246
22343
13578
19676
26616
18923
21666
24722
9923
31006
29303
21159
5474
15802
20765
31092
28085
18256
6838
7135
11517
2770
10114
25121
24497
13360
4333
173
16413
10648
28418
23039
20864
13813
971
410
27911
17912
292
1042
5795
2730
22103
20131
23548
28462
11860
28038
20847
17533
5050
7564
22712
22232
19177
7812
9633
25643
14754
24132
13497
18700
30170
26701
11180
26147
30973
19931
3179
8544
21506
17621
25352
26739
27227
29849
4039
30682
760
22788
24881
19846
13720
27397
6587
624
18239
15980
26242
15628
27756
24843
24522
29376
24136
11465
14585
13322
6573
30711
32293
725
31696
75
1424
28117
3823
22670
28399
5301
1104
15856
19843
24533
18083
9136
2894
29644
10849
9401
21808
18404
12381
229
19744
23373
29762
3177
13600
20891
25908
17620
31793
17789
27655
25435
9745
2092
30103
5445
24707
23316
14602
10742
631
14593
2155
16834
7435
3076
12277
2942
2754
17701
787
19082
9069
3007
11670
2815
13960
30957
12452
8142
29917
7302
18486
24253
29207
29596
3568
19762
15662
29386
20694
17963
10795
6563
24327
17684
16603
14440
27821
9366
2419
10408
17457
20427
11988
16660
11464
12275
20745
22077
16314
16034
21248
25481
1242
6595
10032
6512
30778
29121
5587
18273
2310
15808
14433
8074
21034
26597
17286
28763
24822
18477
11106
14299
1176
7323
2619
568
31381
6024
31037
26526
18782
26586
15943
8409
28307
8890
17907
24499
3837
11029
26190
24970
17687
9460
30454
24181
8745
11465
18938
6769
6204
32362
1177
6755
22472
6302
7166
32139
30551
13679
32189
9455
13699
13034
12267
24979
17284
31612
3229
17584
22539
11487
28518
18418
28791
10535
21591
32649
13233
28938
28855
22441
2343
31974
27809
16218
30041
6669
901
758
15023
3011
16657
27071
8828
5949
6853
27342
10952
17269
16509
10724
10151
1664
21401
1449
15846
15169
15452
6257
18525
27666
967
25414
14579
3460
30826
2553
26103
11617
5067
23651
16093
18983
26487
29632
16193
2596
23055
15995
7141
3389
7871
9523
23129
25752
23987
14696
1425
10059
2883
27951
27515
5486
10303
20612
29580
31442
5366
16544
24340
13142
21954
21049
26735
18559
16892
8966
11968
7763
31581
20460
21571
18281
9431
32637
27489
2835
32680
18504
29570
31064
5746
799
15367
28307
21853
9489
24300
30556
10567
88
10754
6294
12191
32447
8859
22786
13769
8071
29162
20107
32008
22590
24293
26374
9383
25875
4321
25069
2725
24631
5194
23386
31111
11923
26042
32118
24839
30307
18597
3434
22227
15121
27074
32342
20202
8312
20614
6417
23512
6419
13348
21404
20316
1562
20907
3826
783
13360
32602
1989
27427
11500
10963
30820
15858
22503
17457
11239
7808
7647
8209
8879
10264
3226
10550
25543
31075
14072
31350
16266
29257
18518
8756
13384
11685
8024
14073
5531
8330
14992
11402
9611
8917
22111
28720
21520
22964
6163
24410
14266
15818
17901
10018
23637
4336
19757
1826
28258
5134
1278
26953
1291
25239
16015
6115
18816
30553
2599
10446
24884
23862
6932
1456
9378
14743
22434
20559
722
28243
14611
410
26488
3834
1097
2657
29459
26625
22979
11280
26076
25300
15463
2252
20996
22519
2481
2049
1801
31913
17334
8121
17217
7852
8078
29557
17062
28463
31872
6926
17740
6728
29323
19859
434
7567
24065
32023
19503
25478
23938
20069
6102
31638
7856
8537
20133
13429
31302
29541
19376
28341
22728
740
26749
13837
28913
25360
13017
28394
13912
23416
29130
26601
27551
13546
6715
21349
742
9620
11303
19278
18415
5136
16021
29642
7241
11434
14096
18599
3521
20132
