27724
31429
347
18730
21053
4711
12641
31154
21218
16958
26985
8415
9801
25395
5117
19113
18278
2111
10869
13463
10594
15237
21435
14012
10612
4865
16902
14579
22879
10580
9561
16574
2326
21614
3048
9670
13831
11728
8572
22909
10373
18426
12101
26596
17584
493
12451
13021
24791
7130
10373
11978
6559
9289
10649
15657
5911
329
7306
16245
7432
5017
24916
9338
2859
5382
21712
24810
9817
8523
4764
15833
26366
8972
24390
8577
26658
22556
20196
30110
24409
3328
11
25027
12913
6719
4600
28037
2800
20996
9688
27614
9704
21991
25021
24201
15324
32496
2437
5019
23430
24348
18116
24920
1748
2853
15397
4328
22542
31792
4439
10563
23897
15524
10943
12445
26852
7319
17435
30574
26515
20186
8699
17048
30342
25554
15743
3653
3131
18727
16678
11334
13283
11254
24294
12419
32036
16817
20332
28375
21113
18460
32017
17751
20302
28138
15352
26450
8204
17507
32338
18610
2874
9137
9590
14228
24864
22057
8868
28279
8796
1725
23917
482
14831
4159
30558
30517
7915
28156
28120
16104
19603
21655
20122
9635
9200
13801
12699
29118
29642
25032
19672
18702
2259
2914
2683
11769
18254
18162
8854
11651
18813
18028
4344
15468
154
26587
11064
11705
3831
8238
7485
25533
26494
14657
15278
24284
9523
4846
3274
17048
16259
21302
4234
5731
26095
23830
22209
16064
1507
3610
3304
24122
13548
3757
20571
15744
31334
17527
32022
7126
22338
9610
9847
11422
17680
11070
25457
1116
32323
32405
23267
7629
1462
32382
28028
17255
11132
29532
18613
22462
28616
11069
21630
19767
25672
32736
31909
7034
4545
17667
13765
24517
9368
3193
137
6447
21123
31217
32491
6423
17301
2072
23695
28125
30488
21436
11881
5613
25235
13005
22582
17517
28191
26764
21609
12116
32483
28367
3160
26674
30414
11664
30169
4776
16358
29044
863
26561
3992
19434
1381
22313
14058
8063
12095
11502
147
15311
1106
14044
12118
24895
29177
1403
8569
3042
3934
7890
1485
23282
2398
17474
16496
20094
31384
16025
16588
15402
24093
14609
1688
21634
21302
1214
5848
3211
24836
22939
8970
21586
19982
11137
15196
2781
16737
31532
29311
31094
26131
23382
18656
26708
12017
29250
8128
22803
20869
31740
8312
15480
19349
25513
5432
13135
4189
9156
26423
4980
12937
21016
10391
24506
30466
15118
1087
9200
19820
13200
28231
8931
17657
5593
7310
20786
7807
22387
12796
4820
2072
32474
29637
6604
15351
14927
27163
1255
24615
26154
10511
20935
20856
25796
8657
14266
30499
30676
23601
6609
26899
385
11099
6688
21096
1585
27815
22317
15508
16044
7430
28280
22883
19787
19633
5146
27609
14960
18140
13272
17039
3393
20024
10069
3278
21372
23035
11865
11572
30934
10869
23725
30692
30867
20648
20057
24059
20820
21980
17058
5725
14619
24680
6638
15672
19643
27647
22561
13068
8129
24191
17825
11475
15785
16954
7245
21443
1008
23158
29689
23398
8580
22585
8069
23732
9789
3865
20366
5238
4982
1235
30456
27804
31612
21682
11086
17814
15163
22165
15103
9739
32149
15694
22723
25219
8943
29659
15821
23231
23350
723
7982
9001
20787
11734
17730
9389
20890
29264
4223
9771
25851
1981
14037
26477
31360
31627
3783
12797
20467
8586
24595
31638
1610
14732
11986
23660
6829
2652
7811
22025
18172
17822
7356
409
1425
22495
31373
3737
8059
10018
24670
4988
18996
28813
2263
28380
14593
4369
12528
18059
10378
12322
1906
29916
15061
16816
24545
27915
25852
23192
7067
11424
22083
29150
9937
5951
1785
1697
1611
1586
22830
7259
2846
25975
5043
26049
29514
18731
32745
25113
11159
8719
17735
13373
12680
5009
23322
31147
215
28446
29103
17779
29516
29737
26175
29210
1250
9245
17344
928
8540
3698
19273
15909
22639
16678
32394
22956
15058
13677
12612
30633
25125
21593
8440
22477
32404
15345
10379
12283
24282
24543
6643
26913
16868
21878
20496
31007
19198
27699
10345
22225
25188
31650
4061
29388
9888
16026
17183
7816
5112
5285
3722
13294
5952
14594
15251
17220
2364
17841
17666
31079
12829
2561
31856
22017
2350
32124
8776
19540
22245
13024
27429
2637
7915
16710
13515
3375
27884
8136
22244
16228
31907
17660
22214
12366
15835
26586
12784
20200
28992
22669
15999
29074
12490
6864
1441
11535
29667
21159
14563
9508
14454
13164
336
5627
10477
4775
533
22203
12116
24409
13801
23740
2394
20820
26368
25033
10425
4133
25828
31818
14254
24068
21388
28078
24681
20205
6784
4090
17136
32249
16754
19253
24906
23037
22576
3079
1217
3412
26415
9124
7640
14645
16880
16431
18096
2691
24729
19788
1728
20092
1910
19620
1936
1462
21838
9009
26608
22135
9716
23688
14534
21746
4941
28090
22042
20745
4074
19366
22830
13663
22590
5486
9643
8130
9131
9934
15994
27027
31230
3545
1984
7882
17348
5034
2655
30372
11773
24673
28579
605
19766
11468
20236
25347
22219
4292
24897
7606
15683
1810
28754
22107
10727
12366
10129
2610
18568
23319
7754
32018
21241
16920
4413
2183
30653
1303
25797
5367
23597
31273
23354
8360
6753
17457
18589
28083
27233
21244
16680
10388
3893
26680
4048
10169
28536
20527
8760
28615
13836
23507
24878
13696
3363
9288
22579
317
16064
6618
28077
16932
16810
4974
29456
24383
3668
27752
26012
1094
6542
20836
4
737
14284
13673
4371
26859
23951
7498
12826
15938
5144
20240
3428
7501
30519
4532
12041
21633
24477
16037
9102
14648
27765
1673
8912
4953
32009
8706
7696
4614
11210
29518
7236
32091
12345
24976
28436
26385
15571
29176
649
8066
5406
21315
13379
10535
16689
28939
26265
13428
27869
923
9979
31543
19115
19306
29461
30232
5293
25913
25372
26935
26125
6261
30848
17571
16476
5473
5992
28598
27026
578
30057
23860
26015
20032
9557
23139
19449
3672
1507
20361
2410
29485
29876
23070
19156
3173
29785
23175
9804
7202
12805
2202
6046
5127
14558
14211
31047
19128
25724
29198
15787
30840
19650
730
3558
31196
14761
2236
8467
12972
16417
32607
2611
31301
19468
11335
30445
25663
2131
21309
14085
13161
26501
32370
13779
9689
4453
17366
24944
21709
31658
21486
23271
28901
26186
11607
11708
26287
27164
19727
20069
32052
23216
31743
13674
